<CoordinateSystem> { Z-up } 
<Material> default.007 {
  <Scalar> diffr { 1.000000 }
  <Scalar> diffg { 1.000000 }
  <Scalar> diffb { 1.000000 }
  <Scalar> specr { 0.000000 }
  <Scalar> specg { 0.000000 }
  <Scalar> specb { 0.000000 }
  <Scalar> shininess { 0.25 }
  <Scalar> ambr { 1.000000 }
  <Scalar> ambg { 1.000000 }
  <Scalar> ambb { 1.000000 }
  <Scalar> emitr { 0.000000 }
  <Scalar> emitg { 0.000000 }
  <Scalar> emitb { 0.000000 }
}

<Material> default.003 {
  <Scalar> diffr { 1.000000 }
  <Scalar> diffg { 1.000000 }
  <Scalar> diffb { 1.000000 }
  <Scalar> specr { 0.000000 }
  <Scalar> specg { 0.000000 }
  <Scalar> specb { 0.000000 }
  <Scalar> shininess { 0.25 }
  <Scalar> ambr { 1.000000 }
  <Scalar> ambg { 1.000000 }
  <Scalar> ambb { 1.000000 }
  <Scalar> emitr { 0.000000 }
  <Scalar> emitg { 0.000000 }
  <Scalar> emitb { 0.000000 }
}

<Material> default.010 {
  <Scalar> diffr { 1.000000 }
  <Scalar> diffg { 1.000000 }
  <Scalar> diffb { 1.000000 }
  <Scalar> specr { 0.000000 }
  <Scalar> specg { 0.000000 }
  <Scalar> specb { 0.000000 }
  <Scalar> shininess { 0.25 }
  <Scalar> ambr { 1.000000 }
  <Scalar> ambg { 1.000000 }
  <Scalar> ambb { 1.000000 }
  <Scalar> emitr { 0.000000 }
  <Scalar> emitg { 0.000000 }
  <Scalar> emitb { 0.000000 }
}

<Material> Material.001 {
  <Scalar> diffr { 0.640000 }
  <Scalar> diffg { 0.640000 }
  <Scalar> diffb { 0.640000 }
  <Scalar> specr { 0.500000 }
  <Scalar> specg { 0.500000 }
  <Scalar> specb { 0.500000 }
  <Scalar> shininess { 6.25 }
  <Scalar> ambr { 1.000000 }
  <Scalar> ambg { 1.000000 }
  <Scalar> ambb { 1.000000 }
  <Scalar> emitr { 0.000000 }
  <Scalar> emitg { 0.000000 }
  <Scalar> emitb { 0.000000 }
}

<Material> default.002 {
  <Scalar> diffr { 1.000000 }
  <Scalar> diffg { 1.000000 }
  <Scalar> diffb { 1.000000 }
  <Scalar> specr { 0.000000 }
  <Scalar> specg { 0.000000 }
  <Scalar> specb { 0.000000 }
  <Scalar> shininess { 0.25 }
  <Scalar> ambr { 1.000000 }
  <Scalar> ambg { 1.000000 }
  <Scalar> ambb { 1.000000 }
  <Scalar> emitr { 0.000000 }
  <Scalar> emitg { 0.000000 }
  <Scalar> emitb { 0.000000 }
}

<Material> default.009 {
  <Scalar> diffr { 1.000000 }
  <Scalar> diffg { 1.000000 }
  <Scalar> diffb { 1.000000 }
  <Scalar> specr { 0.000000 }
  <Scalar> specg { 0.000000 }
  <Scalar> specb { 0.000000 }
  <Scalar> shininess { 0.25 }
  <Scalar> ambr { 1.000000 }
  <Scalar> ambg { 1.000000 }
  <Scalar> ambb { 1.000000 }
  <Scalar> emitr { 0.000000 }
  <Scalar> emitg { 0.000000 }
  <Scalar> emitb { 0.000000 }
}

<Material> default.001 {
  <Scalar> diffr { 1.000000 }
  <Scalar> diffg { 1.000000 }
  <Scalar> diffb { 1.000000 }
  <Scalar> specr { 0.000000 }
  <Scalar> specg { 0.000000 }
  <Scalar> specb { 0.000000 }
  <Scalar> shininess { 0.25 }
  <Scalar> ambr { 1.000000 }
  <Scalar> ambg { 1.000000 }
  <Scalar> ambb { 1.000000 }
  <Scalar> emitr { 0.000000 }
  <Scalar> emitg { 0.000000 }
  <Scalar> emitb { 0.000000 }
}

<Material> default.005 {
  <Scalar> diffr { 1.000000 }
  <Scalar> diffg { 1.000000 }
  <Scalar> diffb { 1.000000 }
  <Scalar> specr { 0.000000 }
  <Scalar> specg { 0.000000 }
  <Scalar> specb { 0.000000 }
  <Scalar> shininess { 0.25 }
  <Scalar> ambr { 1.000000 }
  <Scalar> ambg { 1.000000 }
  <Scalar> ambb { 1.000000 }
  <Scalar> emitr { 0.000000 }
  <Scalar> emitg { 0.000000 }
  <Scalar> emitb { 0.000000 }
}

<Material> default.004 {
  <Scalar> diffr { 1.000000 }
  <Scalar> diffg { 1.000000 }
  <Scalar> diffb { 1.000000 }
  <Scalar> specr { 0.000000 }
  <Scalar> specg { 0.000000 }
  <Scalar> specb { 0.000000 }
  <Scalar> shininess { 0.25 }
  <Scalar> ambr { 1.000000 }
  <Scalar> ambg { 1.000000 }
  <Scalar> ambb { 1.000000 }
  <Scalar> emitr { 0.000000 }
  <Scalar> emitg { 0.000000 }
  <Scalar> emitb { 0.000000 }
}

<Material> default.006 {
  <Scalar> diffr { 1.000000 }
  <Scalar> diffg { 1.000000 }
  <Scalar> diffb { 1.000000 }
  <Scalar> specr { 0.000000 }
  <Scalar> specg { 0.000000 }
  <Scalar> specb { 0.000000 }
  <Scalar> shininess { 0.25 }
  <Scalar> ambr { 1.000000 }
  <Scalar> ambg { 1.000000 }
  <Scalar> ambb { 1.000000 }
  <Scalar> emitr { 0.000000 }
  <Scalar> emitg { 0.000000 }
  <Scalar> emitb { 0.000000 }
}

<Material> default.008 {
  <Scalar> diffr { 1.000000 }
  <Scalar> diffg { 1.000000 }
  <Scalar> diffb { 1.000000 }
  <Scalar> specr { 0.000000 }
  <Scalar> specg { 0.000000 }
  <Scalar> specb { 0.000000 }
  <Scalar> shininess { 0.25 }
  <Scalar> ambr { 1.000000 }
  <Scalar> ambg { 1.000000 }
  <Scalar> ambb { 1.000000 }
  <Scalar> emitr { 0.000000 }
  <Scalar> emitg { 0.000000 }
  <Scalar> emitb { 0.000000 }
}

<Material> default.011 {
  <Scalar> diffr { 1.000000 }
  <Scalar> diffg { 1.000000 }
  <Scalar> diffb { 1.000000 }
  <Scalar> specr { 0.000000 }
  <Scalar> specg { 0.000000 }
  <Scalar> specb { 0.000000 }
  <Scalar> shininess { 0.25 }
  <Scalar> ambr { 1.000000 }
  <Scalar> ambg { 1.000000 }
  <Scalar> ambb { 1.000000 }
  <Scalar> emitr { 0.000000 }
  <Scalar> emitg { 0.000000 }
  <Scalar> emitb { 0.000000 }
}

<Material> default {
  <Scalar> diffr { 1.000000 }
  <Scalar> diffg { 1.000000 }
  <Scalar> diffb { 1.000000 }
  <Scalar> specr { 0.000000 }
  <Scalar> specg { 0.000000 }
  <Scalar> specb { 0.000000 }
  <Scalar> shininess { 0.25 }
  <Scalar> ambr { 1.000000 }
  <Scalar> ambg { 1.000000 }
  <Scalar> ambb { 1.000000 }
  <Scalar> emitr { 0.000000 }
  <Scalar> emitg { 0.000000 }
  <Scalar> emitb { 0.000000 }
}

<Texture> Texture.001 {
  "./tex/ttlaff_suit_health_meter.png"
  <Scalar> envtype { MODULATE }
  <Scalar> minfilter { LINEAR_MIPMAP_LINEAR }
  <Scalar> magfilter { LINEAR_MIPMAP_LINEAR }
  <Scalar> wrap { REPEAT }
}

<Texture> hand {
  "./tex/hand.jpg"
  <Scalar> envtype { MODULATE }
  <Scalar> minfilter { LINEAR_MIPMAP_LINEAR }
  <Scalar> magfilter { LINEAR_MIPMAP_LINEAR }
  <Scalar> wrap { REPEAT }
}

<Texture> suit-heads_palette_3cmla_2 {
  "./tex/suit-heads_palette_3cmla_2.jpg"
  <Scalar> envtype { MODULATE }
  <Scalar> minfilter { LINEAR_MIPMAP_LINEAR }
  <Scalar> magfilter { LINEAR_MIPMAP_LINEAR }
  <Scalar> wrap { REPEAT }
}

<Texture> number_cruncher {
  "./tex/number_cruncher.jpg"
  <Scalar> envtype { MODULATE }
  <Scalar> minfilter { LINEAR_MIPMAP_LINEAR }
  <Scalar> magfilter { LINEAR_MIPMAP_LINEAR }
  <Scalar> wrap { REPEAT }
}

<Texture> c_leg {
  "./tex/c_leg.jpg"
  <Scalar> envtype { MODULATE }
  <Scalar> minfilter { LINEAR_MIPMAP_LINEAR }
  <Scalar> magfilter { LINEAR_MIPMAP_LINEAR }
  <Scalar> wrap { REPEAT }
}

<Texture> c_blazer {
  "./tex/c_blazer.jpg"
  <Scalar> envtype { MODULATE }
  <Scalar> minfilter { LINEAR_MIPMAP_LINEAR }
  <Scalar> magfilter { LINEAR_MIPMAP_LINEAR }
  <Scalar> wrap { REPEAT }
}

<Texture> twoface {
  "./tex/twoface.jpg"
  <Scalar> envtype { MODULATE }
  <Scalar> minfilter { LINEAR_MIPMAP_LINEAR }
  <Scalar> magfilter { LINEAR_MIPMAP_LINEAR }
  <Scalar> wrap { REPEAT }
}

<Texture> c_sleeve {
  "./tex/c_sleeve.jpg"
  <Scalar> envtype { MODULATE }
  <Scalar> minfilter { LINEAR_MIPMAP_LINEAR }
  <Scalar> magfilter { LINEAR_MIPMAP_LINEAR }
  <Scalar> wrap { REPEAT }
}

<Texture> suit-heads_palette_3cmla_1 {
  "./tex/suit-heads_palette_3cmla_1.jpg"
  <Scalar> envtype { MODULATE }
  <Scalar> minfilter { LINEAR_MIPMAP_LINEAR }
  <Scalar> magfilter { LINEAR_MIPMAP_LINEAR }
  <Scalar> wrap { REPEAT }
}

<Texture> suit-heads_palette_3cmla_3 {
  "./tex/suit-heads_palette_3cmla_3.jpg"
  <Scalar> envtype { MODULATE }
  <Scalar> minfilter { LINEAR_MIPMAP_LINEAR }
  <Scalar> magfilter { LINEAR_MIPMAP_LINEAR }
  <Scalar> wrap { REPEAT }
}

<Texture> yes_man {
  "./tex/yes_man.jpg"
  <Scalar> envtype { MODULATE }
  <Scalar> minfilter { LINEAR_MIPMAP_LINEAR }
  <Scalar> magfilter { LINEAR_MIPMAP_LINEAR }
  <Scalar> wrap { REPEAT }
}

<Texture> c_arm {
  "./tex/c_arm.jpg"
  <Scalar> envtype { MODULATE }
  <Scalar> minfilter { LINEAR_MIPMAP_LINEAR }
  <Scalar> magfilter { LINEAR_MIPMAP_LINEAR }
  <Scalar> wrap { REPEAT }
}

<Texture> shoe {
  "./tex/shoe.jpg"
  <Scalar> envtype { MODULATE }
  <Scalar> minfilter { LINEAR_MIPMAP_LINEAR }
  <Scalar> magfilter { LINEAR_MIPMAP_LINEAR }
  <Scalar> wrap { REPEAT }
}

  <Group> suitA-heads {
    <Dart> { structured }
  }
  <Group> TTR_suitA {
    <Dart> { structured }
    <Joint> def_head {
      <Transform> {
        <Matrix4> {
          1.0 0.0 0.0 0.0 
          0.0 1.0 0.0 0.0 
          0.0 0.0 1.0 0.0 
          -1.8626450382086546e-09 0.0 6.058050155639648 1.0 
        }
      }
      <VertexRef> {
        0 1 2 3 4 5 6 7 8 9 10 11 12 13 14 15 16 17 18 19 20 21 22 23 24 25 26 27 28 29 30 31 32 33 34 35 36 37 38 39 40 41 42 43 44 45 46 47 48 49 50 51 52 53 54 55 56 57 58 59 60 61 62 63 64 65 66 67 68 69 70 71 72 73 74 75 76 77 78 79 80 81 82 83 84 85 86 87 88 89 90 91 92 93 94 95 96 97 98 99 100 101 102 103 104
        <Scalar> membership { 1.000000 }  <Ref> { yesman }
      }
      <VertexRef> {
        0 1 2 3 4 5 6 7 8 9 10 11 12 13 14 15 16 17 18 19 20 21 22 23 24 25 26 27 28 29 30 31 32 33 34 35 36 37 38 39 40 41 42 43 44 45 46 47 48 49 50 51 52 53 54 55 56 57 58 59 60 61 62 63 64 65 66 67 68 69 70 71 72 73 74 75 76 77 78 79 80 81 82 83 84 85 86 87 88 89 90 91 92 93 94 95 96 97 98 99 100 101 102 103 104 105 106 107 108 109 110 111 112 113 114 115 116 117 118 119
        <Scalar> membership { 1.000000 }  <Ref> { twoface }
      }
      <VertexRef> {
        0 1 2 3 4 5 6 7 8 9 10 11 12 13 14 15 16 17 18 19 20 21 22 23 24 25 26 27 28 29 30 31 32 33 34 35 36 37 38 39 40 41 42 43 44 45 46 47 48 49 50 51 52 53 54 55 56 57 58 59 60 61 62
        <Scalar> membership { 1.000000 }  <Ref> { pennypincher }
      }
      <VertexRef> {
        0 1 2 3 4 5 6 7 8 9 10 11 12 13 14 15 16 17 18 19 20 21 22 23 24 25 26 27 28 29 30 31 32 33 34 35 36 37 38 39 40 41 42 43 44 45 46 47 48 49 50 51 52 53 54 55 56 57 58 59 60 61 62 63 64 65 66 67 68 69 70 71 72 73 74 75 76 77 78 79 80 81 82 83 84 85 86 87 88 89 90 91 92 93 94 95 96 97 98 99 100 101 102 103 104 105 106 107 108 109 110
        <Scalar> membership { 1.000000 }  <Ref> { numbercruncher }
      }
      <VertexRef> {
        0 1 2 3 4 5 6 7 8 9 10 11 12 13 14 15 16 17 18 19 20 21 22 23 24 25 26 27 28 29 30 31 32 33 34 35 36 37 38 39 40 41 42 43 44 45 46 47 48 49 50 51 52 53 54 55 56 57 58 59 60 61 62 63 64 65 66 67 68 69 70 71 72 73 74 75 76 77 78 79 80 81 82 83 84 85 86 87 88 89 90 91 92 93 94 95 96 97 98 99 100 101 102 103 104 105 106 107 108 109 110 111 112 113 114 115 116
        <Scalar> membership { 1.000000 }  <Ref> { legaleagle }
      }
      <VertexRef> {
        0 1 2 3 4 5 6 7 8 9 10 11 12 13 14 15 16 17 18 19 20 21 22 23 24 25 26 27 28 29 30 31 32 33 34 35 36 37 38 39 40 41 42 43 44 45 46 47 48 49 50 51 52 53 54 55 56 57 58 59 60 61 62 63 64 65 66 67 68 69 70 71 72 73 74 75 76 77 78 79 80 81 82 83 84 85 86 87 88 89 90 91 92 93 94 95 96 97 98
        <Scalar> membership { 1.000000 }  <Ref> { headhunter }
      }
      <VertexRef> {
        0 1 2 3 4 5 6 7 8 9 10 11 12 13 14 15 16 17 18 19 20 21 22 23 24 25 26 27 28 29 30 31 32 33 34 35 36 37 38 39 40 41 42 43 44 45 46 47 48 49 50 51 52 53 54 55 56 57 58 59 60 61 62 63 64 65 66 67 68 69 70 71 72 73 74 75 76 77 78 79 80 81 82 83 84 85 86 87 88 89 90 91 92 93 94 95 96 97 98
        <Scalar> membership { 1.000000 }  <Ref> { bigwig }
      }
      <VertexRef> {
        0 1 2 3 4 5 6 7 8 9 10 11 12 13 14 15 16 17 18 19 20
        <Scalar> membership { 1.000000 }  <Ref> { bigcheese }
      }
      <VertexRef> {
        0 1 2 3 4 5 6 7 8 9 10 11 12 13 14 15 16 17 18 19 20 21 22 23 24 25 26 27 28 29 30 31 32 33 34 35 36 37 38 39 40 41 42 43 44 45 46 47 48 49 50 51 52 53 54 55 56 57 58 59 60 61 62 63 64 65 66 67 68 69 70 71 72 73 74 75 76 77 78 79 80 81 82 83 84 85 86 87 88 89 90 91 92 93 94 95 96 97 98 99 100 101 102 103 104 105 106 107 108 109 110 111 112 113 114 115 116 117 118 119
        <Scalar> membership { 1.000000 }  <Ref> { backstabber }
      }
    }
    <Joint> def_joint_left_hold {
      <Transform> {
        <Matrix4> {
          0.9982008337974548 0.05981428176164627 -0.004160335753113031 0.0 
          -0.05983305722475052 0.9981981515884399 -0.004545689094811678 0.0 
          0.003880942240357399 0.004786435980349779 0.9999810457229614 0.0 
          -3.8685998916625977 -0.06619025021791458 5.388400077819824 1.0 
        }
      }
    }
    <Joint> def_joint_right_hold {
      <Transform> {
        <Matrix4> {
          0.9999924302101135 -0.0038938713259994984 -7.000591267569689e-06 0.0 
          0.003893852699548006 0.9999909400939941 -0.0017771723214536905 0.0 
          1.3920607671025209e-05 0.001777131576091051 0.9999984502792358 0.0 
          4.623224258422852 -0.1287369728088379 5.333095550537109 1.0 
        }
      }
    }
    <Joint> def_left_ankle {
      <Transform> {
        <Matrix4> {
          1.0 3.870578098030819e-07 0.0 0.0 
          -3.870578098030819e-07 1.0 0.0 0.0 
          0.0 0.0 1.0 0.0 
          -0.4377875030040741 -0.09978850185871124 0.07941100001335144 1.0 
        }
      }
      <VertexRef> {
        54 170 295 300 305 619 624 629
        <Scalar> membership { 0.575000 }  <Ref> { Untitled }
      }
      <VertexRef> {
        9 11 40 42 299 302 618 625 665 673 758 766
        <Scalar> membership { 0.150000 }  <Ref> { Untitled }
      }
      <VertexRef> {
        27 28 29 30 55 56 98 99 100 172 173 195 196 199 200 219 220 231 232 296 297 489 490 491 492 493 494 495 496 497 627 628 630 633 634 637 699 700 701 702 703 704 705 706 707 708 709 710
        <Scalar> membership { 1.000000 }  <Ref> { Untitled }
      }
      <VertexRef> {
        10 41 303 621
        <Scalar> membership { 0.300000 }  <Ref> { Untitled }
      }
      <VertexRef> {
        50 53 194 197 198 201 211 212 215 216 218 221 223 224 227 228 230 233 294 301 623 626 631 632 635 636 638 641
        <Scalar> membership { 0.500000 }  <Ref> { Untitled }
      }
      <VertexRef> {
        57 171 304 620
        <Scalar> membership { 0.650000 }  <Ref> { Untitled }
      }
      <VertexRef> {
        8 39 664 669 674 757 762 767
        <Scalar> membership { 0.075000 }  <Ref> { Untitled }
      }
      <Joint> def_left_ball {
        <Transform> {
          <Matrix4> {
            1.0 -3.870578098030819e-07 0.0 0.0 
            3.870578098030819e-07 1.0 0.0 0.0 
            0.0 0.0 1.0 0.0 
            -8.821601227282372e-09 0.46198248863220215 0.0 1.0 
          }
        }
        <VertexRef> {
          57 171 304 620
          <Scalar> membership { 0.350000 }  <Ref> { Untitled }
        }
        <VertexRef> {
          9 11 40 42 299 302 618 625 665 673 758 766
          <Scalar> membership { 0.850000 }  <Ref> { Untitled }
        }
        <VertexRef> {
          10 41 303 621
          <Scalar> membership { 0.700000 }  <Ref> { Untitled }
        }
        <VertexRef> {
          54 170 295 300 305 619 624 629
          <Scalar> membership { 0.425000 }  <Ref> { Untitled }
        }
        <VertexRef> {
          4 5 6 7 23 24 25 26 46 47 48 49 51 52 109 110 111 143 144 145 146 210 213 214 217 222 225 226 229 298 351 352 353 354 355 356 357 358 359 360 361 362 456 457 458 459 460 461 462 463 464 622 639 640 642 643 644 645 646 647 648 649 650 651 652 653 663 666 667 668 670 671 672 711 712 713 714 715 716 717 718 719 720 721 722 756 759 760 761 763 764 765 768 769 770 771 772 773 774 775 776 777 778 779
          <Scalar> membership { 1.000000 }  <Ref> { Untitled }
        }
        <VertexRef> {
          50 53 194 197 198 201 211 212 215 216 218 221 223 224 227 228 230 233 294 301 623 626 631 632 635 636 638 641
          <Scalar> membership { 0.500000 }  <Ref> { Untitled }
        }
        <VertexRef> {
          8 39 664 669 674 757 762 767
          <Scalar> membership { 0.925000 }  <Ref> { Untitled }
        }
      }
    }
    <Joint> def_left_coat {
      <Transform> {
        <Matrix4> {
          -0.9999997019767761 9.371188934892416e-05 0.0007616542279720306 0.0 
          -0.00013416828005574644 -0.9985787272453308 -0.053295016288757324 0.0 
          0.0007556662894785404 -0.053292885422706604 0.9985578060150146 0.0 
          -0.39970076084136963 -0.035466767847537994 3.0993998050689697 1.0 
        }
      }
      <VertexRef> {
        17 86 163 185 188 458 463 468
        <Scalar> membership { 0.125000 }  <Ref> { torso }
      }
      <VertexRef> {
        18 52 85 121 186 189 191 269 272 273 274 276 404 407 408 409 411 462 465 467
        <Scalar> membership { 0.250000 }  <Ref> { torso }
      }
      <VertexRef> {
        190 275 410 466
        <Scalar> membership { 0.500000 }  <Ref> { torso }
      }
      <Joint> def_left_coat_back {
        <Transform> {
          <Matrix4> {
            1.0 -3.08173184748739e-07 9.207687071466353e-06 0.0 
            3.0815863283351064e-07 1.0000001192092896 1.172440533991903e-06 0.0 
            -9.207563380186912e-06 -1.1755070090657682e-06 1.0000001192092896 0.0 
            0.03546062484383583 0.7718653678894043 0.03932299464941025 1.0 
          }
        }
        <VertexRef> {
          143 233 238 243
          <Scalar> membership { 0.125000 }  <Ref> { torso }
        }
        <VertexRef> {
          25 86 163 185 188 446 451 456
          <Scalar> membership { 0.375000 }  <Ref> { torso }
        }
        <VertexRef> {
          120 187 214 448
          <Scalar> membership { 1.000000 }  <Ref> { torso }
        }
        <VertexRef> {
          14 26 70 83 126 146 162 212 232 234 239 455
          <Scalar> membership { 0.250000 }  <Ref> { torso }
        }
        <VertexRef> {
          28 164 184 447
          <Scalar> membership { 0.750000 }  <Ref> { torso }
        }
        <VertexRef> {
          15 27 121 122 125 161 186 191 213 215 235 268 271 272 274 445 452
          <Scalar> membership { 0.500000 }  <Ref> { torso }
        }
      }
      <Joint> def_left_coat_front {
        <Transform> {
          <Matrix4> {
            1.0 -2.878441591747105e-07 8.39399581309408e-06 0.0 
            2.8781869332306087e-07 1.0000001192092896 9.675648016127525e-07 0.0 
            -8.393839380005375e-06 -9.705067895993125e-07 1.0000001192092896 0.0 
            0.00823168084025383 -0.6514727473258972 -0.18125863373279572 1.0 
          }
        }
        <VertexRef> {
          143 233 238 243
          <Scalar> membership { 0.425000 }  <Ref> { torso }
        }
        <VertexRef> {
          25 446 451 456
          <Scalar> membership { 0.125000 }  <Ref> { torso }
        }
        <VertexRef> {
          26 28 164 184 232 239 447 455
          <Scalar> membership { 0.250000 }  <Ref> { torso }
        }
        <VertexRef> {
          27 53 85 110 161 189 235 296 403 404 406 408 411
          <Scalar> membership { 0.500000 }  <Ref> { torso }
        }
        <VertexRef> {
          100 131 133 166 168 179 203 210 237 240 286 293
          <Scalar> membership { 0.100000 }  <Ref> { torso }
        }
        <VertexRef> {
          60 99 132 165 172 176 202 211
          <Scalar> membership { 0.050000 }  <Ref> { torso }
        }
        <VertexRef> {
          86 163 185 188
          <Scalar> membership { 0.375000 }  <Ref> { torso }
        }
        <VertexRef> {
          112 144 242 288
          <Scalar> membership { 0.600000 }  <Ref> { torso }
        }
        <VertexRef> {
          84 111 145 405
          <Scalar> membership { 1.000000 }  <Ref> { torso }
        }
        <VertexRef> {
          109 287 292 297
          <Scalar> membership { 0.300000 }  <Ref> { torso }
        }
        <VertexRef> {
          83 146 162 234
          <Scalar> membership { 0.750000 }  <Ref> { torso }
        }
        <VertexRef> {
          134 167 241 289
          <Scalar> membership { 0.200000 }  <Ref> { torso }
        }
      }
    }
    <Joint> def_left_elbow {
      <Transform> {
        <Matrix4> {
          0.9996813535690308 -0.020467251539230347 -0.014773217029869556 0.0 
          0.014776470139622688 7.696449756622314e-06 0.999890923500061 0.0 
          -0.020464904606342316 -0.999790608882904 0.00030999048613011837 0.0 
          -2.5964484214782715 -0.0922364741563797 5.369605541229248 1.0 
        }
      }
      <Joint> def_left_sleeve_forearm {
        <Transform> {
          <Matrix4> {
            0.9981598258018494 0.011220482178032398 -0.059591613709926605 0.0 
            -0.05960381403565407 0.00075430644210428 -0.9982218146324158 0.0 
            -0.011155572719871998 0.9999366998672485 0.0014219272416085005 0.0 
            -0.1392316371202469 -3.143416620332573e-07 3.725290298461914e-09 1.0 
          }
        }
        <VertexRef> {
          4 7 12 15 64 67 120 123 457 458 461 462 464 467 541 542 545 546 548 551 613 614 617 618 620 623 625 626 629 630 632 635
          <Scalar> membership { 0.500000 }  <Ref> { arms }
        }
        <VertexRef> {
          9 10 29 30 61 62 68 71 117 118 124 127 128 131 133 134 234 237 242 245 262 265 299 300 310 313 445 446 449 450 452 455
          <Scalar> membership { 0.100000 }  <Ref> { arms }
        }
        <VertexRef> {
          5 6 140 143 161 162 181 182 207 208 215 216 218 221 327 328 405 406 456 459 460 463 540 543 544 547 612 615 616 619 633 634
          <Scalar> membership { 0.800000 }  <Ref> { arms }
        }
        <VertexRef> {
          53 54 141 142 160 163 173 174 180 183 195 196 206 209 214 217 219 220 254 257 266 269 323 324 326 329 397 398 401 402 404 407
          <Scalar> membership { 0.400000 }  <Ref> { arms }
        }
        <VertexRef> {
          13 14 28 31 60 63 65 66 121 122 132 135 235 236 298 301 311 312 444 447 448 451 465 466 549 550 621 622 624 627 628 631
          <Scalar> membership { 0.200000 }  <Ref> { arms }
        }
        <VertexRef> {
          21 22 124 125 420 421 725 726 739 740 743 744 780 783 784 787
          <Scalar> membership { 0.800000 }  <Ref> { Untitled }
        }
        <VertexRef> {
          0 3 15 16 19 20 123 126 412 413 416 417 419 422 723 724 729 730 733 734 735 736 741 742 745 746 781 782 785 786 788 791
          <Scalar> membership { 0.400000 }  <Ref> { Untitled }
        }
      }
    }
    <Joint> def_left_forearm {
      <Transform> {
        <Matrix4> {
          0.9992060661315918 0.03936922922730446 -0.006099943071603775 0.0 
          -0.03939032927155495 0.9992182850837708 -0.003378868568688631 0.0 
          0.0059621501713991165 0.0036164650227874517 0.9999756813049316 0.0 
          -3.868614435195923 -0.06619039922952652 5.388404846191406 1.0 
        }
      }
    }
    <Joint> def_left_hip {
      <Transform> {
        <Matrix4> {
          0.0007434709696099162 -0.17112569510936737 0.9852490425109863 0.0 
          0.9999998211860657 -9.363895514979959e-05 -0.0007710459758527577 0.0 
          0.00022420345339924097 0.9852492213249207 0.17112557590007782 0.0 
          -0.43515005707740784 -0.08431005477905273 3.4982001781463623 1.0 
        }
      }
      <VertexRef> {
        28 29 31 481 483 486 489 490 492 496 500 503
        <Scalar> membership { 0.785000 }  <Ref> { legs }
      }
      <VertexRef> {
        27 30 367 376 380 497
        <Scalar> membership { 0.570000 }  <Ref> { legs }
      }
      <VertexRef> {
        1 50 423 426 571 573
        <Scalar> membership { 0.160000 }  <Ref> { legs }
      }
      <VertexRef> {
        26 379 383 386 495 498
        <Scalar> membership { 0.565000 }  <Ref> { legs }
      }
      <VertexRef> {
        0 45 48 69 371 443
        <Scalar> membership { 0.320000 }  <Ref> { legs }
      }
      <VertexRef> {
        46 436 438 442 446 449
        <Scalar> membership { 0.440000 }  <Ref> { legs }
      }
      <VertexRef> {
        41 43 445 447 450 453
        <Scalar> membership { 0.575000 }  <Ref> { legs }
      }
      <VertexRef> {
        14 56 405 408 531 534
        <Scalar> membership { 0.380000 }  <Ref> { legs }
      }
      <VertexRef> {
        4 5 8 10 13 535 537 541 544 545 546 548 549 550 552 554 557 558 561 562 564 568 572 575
        <Scalar> membership { 0.200000 }  <Ref> { legs }
      }
      <VertexRef> {
        55 409 411 433 437 440
        <Scalar> membership { 0.460000 }  <Ref> { legs }
      }
      <VertexRef> {
        2 15 54 68 369 372 421 430 434 533 567 570
        <Scalar> membership { 0.360000 }  <Ref> { legs }
      }
      <VertexRef> {
        33 39 42 362 461 479
        <Scalar> membership { 0.590000 }  <Ref> { legs }
      }
      <VertexRef> {
        47 49 427 429 432 435
        <Scalar> membership { 0.340000 }  <Ref> { legs }
      }
      <VertexRef> {
        34 35 38 40 454 456 459 460 462 464 467 468 471 472 474 478 482 485
        <Scalar> membership { 0.795000 }  <Ref> { legs }
      }
      <VertexRef> {
        53 414 417 523 527 530
        <Scalar> membership { 0.005000 }  <Ref> { legs }
      }
      <VertexRef> {
        416 524
        <Scalar> membership { 0.010000 }  <Ref> { legs }
      }
      <VertexRef> {
        17 415 419 422 522 525
        <Scalar> membership { 0.185000 }  <Ref> { legs }
      }
      <VertexRef> {
        58 59 61 64 382 384 388 391 392 393 395 396 399 400 402 406 410 413
        <Scalar> membership { 0.480000 }  <Ref> { legs }
      }
      <VertexRef> {
        70 364 366 370 374 377
        <Scalar> membership { 0.445000 }  <Ref> { legs }
      }
      <VertexRef> {
        3 9 11 12 57 60 62 63 66 387 389 390 407 540 542 543 551 569
        <Scalar> membership { 0.400000 }  <Ref> { legs }
      }
      <VertexRef> {
        36 37 457 463 465 466 469 470 473 475 476 484 487 488 491 493 494 502 505 506 509 511 512 520
        <Scalar> membership { 1.000000 }  <Ref> { legs }
      }
      <VertexRef> {
        18 20 21 24 385 394 397 398 401 403 404 412 439 448 452 513 515 516
        <Scalar> membership { 0.560000 }  <Ref> { legs }
      }
      <VertexRef> {
        32 361 365 368 477 480
        <Scalar> membership { 0.580000 }  <Ref> { legs }
      }
      <VertexRef> {
        19 22 23 25 451 455 458 499 501 504 507 508 510 514 517 518 519 521
        <Scalar> membership { 0.780000 }  <Ref> { legs }
      }
      <VertexRef> {
        65 67 373 375 378 381
        <Scalar> membership { 0.485000 }  <Ref> { legs }
      }
      <VertexRef> {
        44 71 360 363 441 444
        <Scalar> membership { 0.455000 }  <Ref> { legs }
      }
      <VertexRef> {
        16 52 418 420 424 428 431 526 528 532 536 539
        <Scalar> membership { 0.180000 }  <Ref> { legs }
      }
    }
    <Joint> def_left_knee {
      <Transform> {
        <Matrix4> {
          0.0007762023597024381 0.15020298957824707 0.9886550903320312 0.0 
          0.9999998211860657 -9.354948997497559e-05 -0.0007710459758527577 0.0 
          -2.3325090296566486e-05 0.9886552095413208 -0.15020300447940826 0.0 
          -0.43631812930107117 0.18449153006076813 1.95058012008667 1.0 
        }
      }
      <VertexRef> {
        28 29 31 481 483 486 489 490 492 496 500 503
        <Scalar> membership { 0.215000 }  <Ref> { legs }
      }
      <VertexRef> {
        44 71 360 363 441 444
        <Scalar> membership { 0.545000 }  <Ref> { legs }
      }
      <VertexRef> {
        19 22 23 25 451 455 458 499 501 504 507 508 510 514 517 518 519 521
        <Scalar> membership { 0.220000 }  <Ref> { legs }
      }
      <VertexRef> {
        65 67 373 375 378 381
        <Scalar> membership { 0.515000 }  <Ref> { legs }
      }
      <VertexRef> {
        55 409 411 433 437 440
        <Scalar> membership { 0.540000 }  <Ref> { legs }
      }
      <VertexRef> {
        33 39 42 362 461 479
        <Scalar> membership { 0.410000 }  <Ref> { legs }
      }
      <VertexRef> {
        14 56 405 408 531 534
        <Scalar> membership { 0.620000 }  <Ref> { legs }
      }
      <VertexRef> {
        26 379 383 386 495 498
        <Scalar> membership { 0.435000 }  <Ref> { legs }
      }
      <VertexRef> {
        18 20 21 24 385 394 397 398 401 403 404 412 439 448 452 513 515 516
        <Scalar> membership { 0.440000 }  <Ref> { legs }
      }
      <VertexRef> {
        70 364 366 370 374 377
        <Scalar> membership { 0.555000 }  <Ref> { legs }
      }
      <VertexRef> {
        416 524
        <Scalar> membership { 0.990000 }  <Ref> { legs }
      }
      <VertexRef> {
        27 30 367 376 380 497
        <Scalar> membership { 0.430000 }  <Ref> { legs }
      }
      <VertexRef> {
        1 50 423 426 571 573
        <Scalar> membership { 0.840000 }  <Ref> { legs }
      }
      <VertexRef> {
        16 52 418 420 424 428 431 526 528 532 536 539
        <Scalar> membership { 0.820000 }  <Ref> { legs }
      }
      <VertexRef> {
        41 43 445 447 450 453
        <Scalar> membership { 0.425000 }  <Ref> { legs }
      }
      <VertexRef> {
        47 49 427 429 432 435
        <Scalar> membership { 0.660000 }  <Ref> { legs }
      }
      <VertexRef> {
        0 45 48 69 371 443
        <Scalar> membership { 0.680000 }  <Ref> { legs }
      }
      <VertexRef> {
        4 5 8 10 13 535 537 541 544 545 546 548 549 550 552 554 557 558 561 562 564 568 572 575
        <Scalar> membership { 0.800000 }  <Ref> { legs }
      }
      <VertexRef> {
        34 35 38 40 454 456 459 460 462 464 467 468 471 472 474 478 482 485
        <Scalar> membership { 0.205000 }  <Ref> { legs }
      }
      <VertexRef> {
        58 59 61 64 382 384 388 391 392 393 395 396 399 400 402 406 410 413
        <Scalar> membership { 0.520000 }  <Ref> { legs }
      }
      <VertexRef> {
        2 15 54 68 369 372 421 430 434 533 567 570
        <Scalar> membership { 0.640000 }  <Ref> { legs }
      }
      <VertexRef> {
        17 415 419 422 522 525
        <Scalar> membership { 0.815000 }  <Ref> { legs }
      }
      <VertexRef> {
        3 9 11 12 57 60 62 63 66 387 389 390 407 540 542 543 551 569
        <Scalar> membership { 0.600000 }  <Ref> { legs }
      }
      <VertexRef> {
        53 414 417 523 527 530
        <Scalar> membership { 0.995000 }  <Ref> { legs }
      }
      <VertexRef> {
        6 7 51 425 529 538 547 553 555 556 559 560 563 565 566 574
        <Scalar> membership { 1.000000 }  <Ref> { legs }
      }
      <VertexRef> {
        32 361 365 368 477 480
        <Scalar> membership { 0.420000 }  <Ref> { legs }
      }
      <VertexRef> {
        46 436 438 442 446 449
        <Scalar> membership { 0.560000 }  <Ref> { legs }
      }
    }
    <Joint> def_left_preShoulder {
      <Transform> {
        <Matrix4> {
          -0.9972370266914368 -0.06402187794446945 -0.037675753235816956 0.0 
          -0.06620803475379944 0.9960030317306519 0.05996229872107506 0.0 
          0.03368625044822693 0.062291037291288376 -0.9974893927574158 0.0 
          -1.6825742721557617 -0.1076233983039856 5.3490424156188965 1.0 
        }
      }
      <VertexRef> {
        37 38 105 106 169 170 231 232 259 260 271 272 330 333 334 337 393 394 408 411 412 415 489 490 516 519 520 523 636 639 640 643
        <Scalar> membership { 0.700000 }  <Ref> { arms }
      }
      <VertexRef> {
        0 3 45 46 80 83 152 155 230 233 258 261 275 276 409 410 413 414 416 419 517 518 521 522 524 527 637 638 641 642 644 647
        <Scalar> membership { 0.850000 }  <Ref> { arms }
      }
      <VertexRef> {
        9 29 30 61 68 124 127 128 131 133 134 234 262 265 445 446 449 450 452 455
        <Scalar> membership { 0.250000 }  <Ref> { arms }
      }
      <VertexRef> {
        8 69 125 126 129 130 263 264 282 285 306 309 339 388 453 454 480 483 484 487
        <Scalar> membership { 0.500000 }  <Ref> { arms }
      }
      <VertexRef> {
        11 70 116 199 243 340 384 391
        <Scalar> membership { 0.460000 }  <Ref> { arms }
      }
      <VertexRef> {
        118 245 300 313
        <Scalar> membership { 0.210000 }  <Ref> { arms }
      }
      <VertexRef> {
        36 39 104 107 270 273 283 284 307 308 335 338 389 392 481 482 485 486 488 491
        <Scalar> membership { 0.600000 }  <Ref> { arms }
      }
      <VertexRef> {
        10 62 71 117 237 242 299 310
        <Scalar> membership { 0.230000 }  <Ref> { arms }
      }
      <VertexRef> {
        1 2 44 47 81 82 153 154 274 277 417 418 525 526 645 646
        <Scalar> membership { 1.000000 }  <Ref> { arms }
      }
      <VertexRef> {
        168 198 331 336 341 385 390 395
        <Scalar> membership { 0.580000 }  <Ref> { arms }
      }
      <VertexRef> {
        119 200 244 387
        <Scalar> membership { 0.420000 }  <Ref> { arms }
      }
      <VertexRef> {
        171 201 332 386
        <Scalar> membership { 0.560000 }  <Ref> { arms }
      }
    }
    <Joint> def_left_shoulder {
      <Transform> {
        <Matrix4> {
          0.9997062683105469 -0.020512480288743973 -0.012909568846225739 0.0 
          0.012932357378304005 0.0009786648442968726 0.9999158978462219 0.0 
          -0.020498119294643402 -0.9997891187667847 0.0012436850229278207 0.0 
          -1.6709749698638916 -0.11120901256799698 5.355774402618408 1.0 
        }
      }
      <VertexRef> {
        171 201 332 386
        <Scalar> membership { 0.440000 }  <Ref> { arms }
      }
      <VertexRef> {
        11 70 116 199 243 340 384 391
        <Scalar> membership { 0.540000 }  <Ref> { arms }
      }
      <VertexRef> {
        0 3 45 46 80 83 152 155 230 233 258 261 275 276 409 410 413 414 416 419 517 518 521 522 524 527 637 638 641 642 644 647
        <Scalar> membership { 0.150000 }  <Ref> { arms }
      }
      <VertexRef> {
        36 39 104 107 270 273 283 284 307 308 335 338 389 392 481 482 485 486 488 491
        <Scalar> membership { 0.400000 }  <Ref> { arms }
      }
      <VertexRef> {
        37 38 105 106 169 170 231 232 259 260 271 272 330 333 334 337 393 394 408 411 412 415 489 490 516 519 520 523 636 639 640 643
        <Scalar> membership { 0.300000 }  <Ref> { arms }
      }
      <VertexRef> {
        9 29 30 61 68 124 127 128 131 133 134 234 262 265 445 446 449 450 452 455
        <Scalar> membership { 0.250000 }  <Ref> { arms }
      }
      <VertexRef> {
        8 69 125 126 129 130 263 264 282 285 306 309 339 388 453 454 480 483 484 487
        <Scalar> membership { 0.500000 }  <Ref> { arms }
      }
      <VertexRef> {
        118 245 300 313
        <Scalar> membership { 0.290000 }  <Ref> { arms }
      }
      <VertexRef> {
        168 198 331 336 341 385 390 395
        <Scalar> membership { 0.420000 }  <Ref> { arms }
      }
      <VertexRef> {
        119 200 244 387
        <Scalar> membership { 0.580000 }  <Ref> { arms }
      }
      <VertexRef> {
        10 62 71 117 237 242 299 310
        <Scalar> membership { 0.270000 }  <Ref> { arms }
      }
      <Joint> def_left_sleeve_uparm {
        <Transform> {
          <Matrix4> {
            0.9953476190567017 0.007866310887038708 0.09602851420640945 0.0 
            0.09601806104183197 0.001696394057944417 -0.9953781962394714 0.0 
            -0.007992854341864586 0.999967634677887 0.0009332047775387764 0.0 
            -0.826412558555603 0.0016783326864242554 1.6917940229177475e-05 1.0 
          }
        }
        <VertexRef> {
          4 7 12 15 64 67 120 123 457 458 461 462 464 467 541 542 545 546 548 551 613 614 617 618 620 623 625 626 629 630 632 635
          <Scalar> membership { 0.500000 }  <Ref> { arms }
        }
        <VertexRef> {
          53 54 141 142 160 163 173 174 180 183 195 196 206 209 214 217 219 220 254 257 266 269 323 324 326 329 397 398 401 402 404 407
          <Scalar> membership { 0.100000 }  <Ref> { arms }
        }
        <VertexRef> {
          13 14 28 31 60 63 65 66 121 122 132 135 235 236 298 301 311 312 444 447 448 451 465 466 549 550 621 622 624 627 628 631
          <Scalar> membership { 0.800000 }  <Ref> { arms }
        }
        <VertexRef> {
          9 10 29 30 61 62 68 71 117 118 124 127 128 131 133 134 234 237 242 245 262 265 299 300 310 313 445 446 449 450 452 455
          <Scalar> membership { 0.400000 }  <Ref> { arms }
        }
        <VertexRef> {
          5 6 140 143 161 162 181 182 207 208 215 216 218 221 327 328 405 406 456 459 460 463 540 543 544 547 612 615 616 619 633 634
          <Scalar> membership { 0.200000 }  <Ref> { arms }
        }
        <VertexRef> {
          0 3 15 16 19 20 123 126 412 413 416 417 419 422 723 724 729 730 733 734 735 736 741 742 745 746 781 782 785 786 788 791
          <Scalar> membership { 0.100000 }  <Ref> { Untitled }
        }
        <VertexRef> {
          21 22 124 125 420 421 725 726 739 740 743 744 780 783 784 787
          <Scalar> membership { 0.200000 }  <Ref> { Untitled }
        }
      }
    }
    <Joint> def_left_sleeve_end {
      <Transform> {
        <Matrix4> {
          0.9996424913406372 0.0045583476312458515 -0.026345079764723778 0.0 
          0.0001556873321533203 0.9843501448631287 0.1762242466211319 0.0 
          0.026736069470643997 -0.17616534233093262 0.9839973449707031 0.0 
          -3.877568006515503 -0.0666290745139122 5.388436794281006 1.0 
        }
      }
      <VertexRef> {
        52 55 172 175 194 197 255 256 267 268 322 325 396 399 400 403
        <Scalar> membership { 1.000000 }  <Ref> { arms }
      }
      <VertexRef> {
        53 54 141 142 160 163 173 174 180 183 195 196 206 209 214 217 219 220 254 257 266 269 323 324 326 329 397 398 401 402 404 407
        <Scalar> membership { 0.500000 }  <Ref> { arms }
      }
      <VertexRef> {
        1 2 17 18 411 414 415 418 727 728 731 732 737 738 789 790
        <Scalar> membership { 1.000000 }  <Ref> { Untitled }
      }
      <VertexRef> {
        0 3 15 16 19 20 123 126 412 413 416 417 419 422 723 724 729 730 733 734 735 736 741 742 745 746 781 782 785 786 788 791
        <Scalar> membership { 0.500000 }  <Ref> { Untitled }
      }
    }
    <Joint> def_left_wrist {
      <Transform> {
        <Matrix4> {
          0.9982008337974548 0.05981386452913284 -0.004160297568887472 0.0 
          -0.059832632541656494 0.9981980919837952 -0.0045445021241903305 0.0 
          0.0038809766992926598 0.00478524761274457 0.9999810457229614 0.0 
          -3.8685998916625977 -0.06619025021791458 5.388400077819824 1.0 
        }
      }
      <VertexRef> {
        4 7 8 10 170 172 197 230 232 1171 1174 1175 1176 1178 1179 1180 1182 1184 1187 1278 1279 1281 1283 1286 1351 1354 1355 1356 1358 1359 1360 1362 1364 1367 1837 1840 1841 1842 1844 1845 1848 1849 1851 1855 1858 1859 1860 1862
        <Scalar> membership { 0.350000 }  <Ref> { hands }
      }
      <VertexRef> {
        15 117 183 1325 1523 1532 1681 1690
        <Scalar> membership { 0.600000 }  <Ref> { hands }
      }
      <VertexRef> {
        3 5 6 9 11 168 169 231 233 1170 1172 1173 1181 1280 1357 1363 1365 1366 1836 1838 1839 1854 1856 1857
        <Scalar> membership { 0.200000 }  <Ref> { hands }
      }
      <VertexRef> {
        200 1269 1272 1864 1868 1871
        <Scalar> membership { 0.825000 }  <Ref> { hands }
      }
      <VertexRef> {
        27 66 198 1573 1582 1793 1870
        <Scalar> membership { 0.850000 }  <Ref> { hands }
      }
      <VertexRef> {
        25 127 130 131 139 142 143 187 188 191 193 194 224 226 1189 1192 1193 1194 1196 1197 1198 1200 1202 1205 1287 1290 1291 1293 1296 1297 1299 1301 1304 1305 1308 1309 1311 1440 1443 1444 1446 1450 1453 1454 1455 1457 1476 1479 1480 1482 1486 1489 1490 1491 1493 1747 1751 1754 1795 1797
        <Scalar> membership { 0.750000 }  <Ref> { hands }
      }
      <VertexRef> {
        185 1314 1317 1675 1679 1682
        <Scalar> membership { 0.590000 }  <Ref> { hands }
      }
      <VertexRef> {
        2 1621 1625 1628 1863 1866
        <Scalar> membership { 0.690000 }  <Ref> { hands }
      }
      <VertexRef> {
        17 113 1530 1533 1818 1821
        <Scalar> membership { 0.550000 }  <Ref> { hands }
      }
      <VertexRef> {
        61 64 116 118 182 184 1318 1320 1323 1324 1326 1328 1331 1516 1518 1521 1522 1524 1526 1529 1531 1535 1538 1678 1680 1684 1687 1688 1689 1691
        <Scalar> membership { 0.300000 }  <Ref> { hands }
      }
      <VertexRef> {
        28 29 199 1273 1275 1782 1785 1786 1788 1792 1796 1799
        <Scalar> membership { 0.925000 }  <Ref> { hands }
      }
      <VertexRef> {
