<CoordinateSystem> { Z-up } 
<Material> default.004 {
  <Scalar> diffr { 1.000000 }
  <Scalar> diffg { 1.000000 }
  <Scalar> diffb { 1.000000 }
  <Scalar> specr { 0.000000 }
  <Scalar> specg { 0.000000 }
  <Scalar> specb { 0.000000 }
  <Scalar> shininess { 0.25 }
  <Scalar> ambr { 1.000000 }
  <Scalar> ambg { 1.000000 }
  <Scalar> ambb { 1.000000 }
  <Scalar> emitr { 0.000000 }
  <Scalar> emitg { 0.000000 }
  <Scalar> emitb { 0.000000 }
}

<Material> default.001 {
  <Scalar> diffr { 1.000000 }
  <Scalar> diffg { 1.000000 }
  <Scalar> diffb { 1.000000 }
  <Scalar> specr { 0.000000 }
  <Scalar> specg { 0.000000 }
  <Scalar> specb { 0.000000 }
  <Scalar> shininess { 0.25 }
  <Scalar> ambr { 1.000000 }
  <Scalar> ambg { 1.000000 }
  <Scalar> ambb { 1.000000 }
  <Scalar> emitr { 0.000000 }
  <Scalar> emitg { 0.000000 }
  <Scalar> emitb { 0.000000 }
}

<Material> default.002 {
  <Scalar> diffr { 1.000000 }
  <Scalar> diffg { 1.000000 }
  <Scalar> diffb { 1.000000 }
  <Scalar> specr { 0.000000 }
  <Scalar> specg { 0.000000 }
  <Scalar> specb { 0.000000 }
  <Scalar> shininess { 0.25 }
  <Scalar> ambr { 1.000000 }
  <Scalar> ambg { 1.000000 }
  <Scalar> ambb { 1.000000 }
  <Scalar> emitr { 0.000000 }
  <Scalar> emitg { 0.000000 }
  <Scalar> emitb { 0.000000 }
}

<Material> default.003 {
  <Scalar> diffr { 1.000000 }
  <Scalar> diffg { 1.000000 }
  <Scalar> diffb { 1.000000 }
  <Scalar> specr { 0.000000 }
  <Scalar> specg { 0.000000 }
  <Scalar> specb { 0.000000 }
  <Scalar> shininess { 0.25 }
  <Scalar> ambr { 1.000000 }
  <Scalar> ambg { 1.000000 }
  <Scalar> ambb { 1.000000 }
  <Scalar> emitr { 0.000000 }
  <Scalar> emitg { 0.000000 }
  <Scalar> emitb { 0.000000 }
}

<Material> default {
  <Scalar> diffr { 1.000000 }
  <Scalar> diffg { 1.000000 }
  <Scalar> diffb { 1.000000 }
  <Scalar> specr { 0.000000 }
  <Scalar> specg { 0.000000 }
  <Scalar> specb { 0.000000 }
  <Scalar> shininess { 0.25 }
  <Scalar> ambr { 1.000000 }
  <Scalar> ambg { 1.000000 }
  <Scalar> ambb { 1.000000 }
  <Scalar> emitr { 0.000000 }
  <Scalar> emitg { 0.000000 }
  <Scalar> emitb { 0.000000 }
}

<Material> default.005 {
  <Scalar> diffr { 1.000000 }
  <Scalar> diffg { 1.000000 }
  <Scalar> diffb { 1.000000 }
  <Scalar> specr { 0.000000 }
  <Scalar> specg { 0.000000 }
  <Scalar> specb { 0.000000 }
  <Scalar> shininess { 0.25 }
  <Scalar> ambr { 1.000000 }
  <Scalar> ambg { 1.000000 }
  <Scalar> ambb { 1.000000 }
  <Scalar> emitr { 0.000000 }
  <Scalar> emitg { 0.000000 }
  <Scalar> emitb { 0.000000 }
}

<Texture> cogHQ_palette_3cmla_1 {
  "./tex/cogHQ_palette_3cmla_1.png"
  <Scalar> envtype { MODULATE }
  <Scalar> minfilter { LINEAR_MIPMAP_LINEAR }
  <Scalar> magfilter { LINEAR_MIPMAP_LINEAR }
  <Scalar> wrap { REPEAT }
}

<Texture> eyeball2 {
  "./tex/eyeball2.png"
  <Scalar> envtype { MODULATE }
  <Scalar> minfilter { LINEAR_MIPMAP_LINEAR }
  <Scalar> magfilter { LINEAR_MIPMAP_LINEAR }
  <Scalar> wrap { REPEAT }
}

<Texture> cogHQ_palette_3cmla_4 {
  "./tex/cogHQ_palette_3cmla_4.png"
  <Scalar> envtype { MODULATE }
  <Scalar> minfilter { LINEAR_MIPMAP_LINEAR }
  <Scalar> magfilter { LINEAR_MIPMAP_LINEAR }
  <Scalar> wrap { REPEAT }
}

<Texture> cogHQ_palette_4amla_1 {
  "./tex/cogHQ_palette_4amla_1.png"
  <Scalar> envtype { MODULATE }
  <Scalar> minfilter { LINEAR_MIPMAP_LINEAR }
  <Scalar> magfilter { LINEAR_MIPMAP_LINEAR }
  <Scalar> wrap { REPEAT }
}

<Texture> cogHQ_palette_4amla_2 {
  "./tex/cogHQ_palette_4amla_2.png"
  <Scalar> envtype { MODULATE }
  <Scalar> minfilter { LINEAR_MIPMAP_LINEAR }
  <Scalar> magfilter { LINEAR_MIPMAP_LINEAR }
  <Scalar> wrap { REPEAT }
}

<Texture> cogHQ_palette_3cmla_5 {
  "./tex/cogHQ_palette_3cmla_5.png"
  <Scalar> envtype { MODULATE }
  <Scalar> minfilter { LINEAR_MIPMAP_LINEAR }
  <Scalar> magfilter { LINEAR_MIPMAP_LINEAR }
  <Scalar> wrap { REPEAT }
}

  <Group> Cog_Goonie {
    <Dart> { structured }
    <Joint> joint1 {
      <Transform> {
        <Matrix4> {
          -0.0007701311260461807 -0.23218823969364166 -0.9726706743240356 0.0 
          -0.9999962449073792 0.0027866829186677933 0.00012648732808884233 0.0 
          0.0026811552233994007 0.9726669192314148 -0.23218947649002075 0.0 
          0.431427001953125 -0.0871639996767044 2.4576399326324463 1.0 
        }
      }
      <VertexRef> {
        5 17 20 21
        <Scalar> membership { 1.000000 }  <Ref> { Untitled }
      }
      <Joint> joint2 {
        <Transform> {
          <Matrix4> {
            0.8492714166641235 4.4809276005253196e-05 0.5279566049575806 0.0 
            -4.7028050175867975e-05 1.0 -9.223498636856675e-06 0.0 
            -0.5279566049575806 -1.6995418263832107e-05 0.8492714762687683 0.0 
            0.944676399230957 4.4431828428059816e-05 4.4874497689306736e-05 1.0 
          }
        }
        <Joint> joint23 {
          <Transform> {
            <Matrix4> {
              -8.200004231184721e-08 -0.9999999403953552 -7.896414899732918e-07 0.0 
              0.21730804443359375 -8.046481525525451e-07 0.9761030077934265 0.0 
              -0.9761031270027161 -9.125506039708853e-08 0.21730808913707733 0.0 
              -2.255546860396862e-08 -0.1487458348274231 -0.0035693063400685787 1.0 
            }
          }
        }
        <Joint> joint25 {
          <Transform> {
            <Matrix4> {
              -2.981105353683233e-07 -1.0 -5.962247087154537e-07 0.0 
              0.4120229184627533 -6.553455023095012e-07 0.9111736416816711 0.0 
              -0.9111735820770264 4.3655745685100555e-11 0.41202282905578613 0.0 
              0.31500911712646484 -0.14199276268482208 0.14316491782665253 1.0 
            }
          }
        }
        <Joint> joint26 {
          <Transform> {
            <Matrix4> {
              1.6394187696278095e-07 -1.0 4.3230829760432243e-07 0.0 
              0.21730807423591614 4.17474439018406e-07 0.9761030673980713 0.0 
              -0.9761030673980713 -7.635389920324087e-08 0.2173081338405609 0.0 
              6.78264768794179e-08 0.14075197279453278 -0.0035692830570042133 1.0 
            }
          }
        }
        <Joint> joint28 {
          <Transform> {
            <Matrix4> {
              -2.9831426218152046e-08 -1.0000001192092896 1.6007106751203537e-10 0.0 
              0.41202279925346375 9.458744898438454e-11 0.9111736416816711 0.0 
              -0.9111736416816711 -1.4551915228366852e-11 0.41202279925346375 0.0 
              0.31500908732414246 0.14750497043132782 0.14316493272781372 1.0 
            }
          }
        }
        <Joint> joint4 {
          <Transform> {
            <Matrix4> {
              0.26139506697654724 -0.0024344625417143106 -0.9652288556098938 0.0 
              0.9417312145233154 -0.2186771035194397 0.25558313727378845 0.0 
              -0.21169565618038177 -0.97579425573349 -0.05486849322915077 0.0 
              1.0750303268432617 6.677873898297548e-08 -0.004776094574481249 1.0 
            }
          }
          <Joint> joint36 {
            <Transform> {
              <Matrix4> {
                -1.780172169674188e-07 0.2200390100479126 0.9754909873008728 0.0 
                -0.8853626251220703 0.4535069465637207 -0.10229654610157013 0.0 
                -0.4649012088775635 -0.863663375377655 0.19481420516967773 0.0 
                -0.0028098563198000193 0.04141572117805481 0.16757194697856903 1.0 
              }
            }
          }
          <Joint> joint37 {
            <Transform> {
              <Matrix4> {
                -3.3715878089424223e-07 0.2200390249490738 0.9754909873008728 0.0 
                -0.8853626847267151 0.453506737947464 -0.10229671001434326 0.0 
                -0.4649010896682739 -0.8636633157730103 0.19481417536735535 0.0 
                -0.0028098318725824356 -0.034849219024181366 -0.17053093016147614 1.0 
              }
            }
          }
        }
      }
      <Joint> joint24 {
        <Transform> {
          <Matrix4> {
            4.710625216830522e-05 -0.9999999403953552 9.28325971472077e-06 0.0 
            -0.13114143908023834 3.054555236303713e-06 0.9913637042045593 0.0 
            -0.9913635849952698 -4.7952678869478405e-05 -0.13114136457443237 0.0 
            0.6486929059028625 -0.14188891649246216 0.17024114727973938 1.0 
          }
        }
      }
      <Joint> joint27 {
        <Transform> {
          <Matrix4> {
            4.710072244051844e-05 -0.9999998807907104 9.178580512525514e-06 0.0 
            -0.1311413049697876 2.9502325560315512e-06 0.9913636445999146 0.0 
            -0.9913636445999146 -4.7906607505865395e-05 -0.13114121556282043 0.0 
            0.6485323309898376 0.14760804176330566 0.17072045803070068 1.0 
          }
        }
      }
    }
    <Joint> joint22 {
      <Transform> {
        <Matrix4> {
          1.0 0.0 0.0 0.0 
          0.0 1.0 0.0 0.0 
          0.0 0.0 1.0 0.0 
          0.0 -0.04930629953742027 2.5246500968933105 1.0 
        }
      }
      <VertexRef> {
        0 2 3 4 6 7 8 9 10 11 12 14 15 19 22 23
        <Scalar> membership { 1.000000 }  <Ref> { Untitled }
      }
      <Joint> joint16 {
        <Transform> {
          <Matrix4> {
            1.0 0.0 0.0 0.0 
            0.0 0.994719922542572 -0.10262720286846161 0.0 
            0.0 0.10262720286846161 0.9947198629379272 0.0 
            0.6010869741439819 -0.2700130045413971 -0.05150246620178223 1.0 
          }
        }
      }
      <Joint> joint17 {
        <Transform> {
          <Matrix4> {
            1.0 0.0 0.0 0.0 
            0.0 0.994719922542572 -0.10262687504291534 0.0 
            0.0 0.10262687504291534 0.994719922542572 0.0 
            0.6011379957199097 0.28309300541877747 -0.05150246620178223 1.0 
          }
        }
      }
      <Joint> joint18 {
        <Transform> {
          <Matrix4> {
            1.0 0.0 0.0 0.0 
            0.0 0.994719922542572 0.10262693464756012 0.0 
            0.0 -0.10262693464756012 0.994719922542572 0.0 
            0.5724760293960571 0.0041758716106414795 -0.32947397232055664 1.0 
          }
        }
      }
      <Joint> joint19 {
        <Transform> {
          <Matrix4> {
            1.0 0.0 0.0 0.0 
            0.0 0.9947199821472168 0.10262709110975266 0.0 
            0.0 -0.10262709110975266 0.994719922542572 0.0 
            -0.5728849768638611 0.0041758716106414795 -0.32947397232055664 1.0 
          }
        }
      }
      <Joint> joint20 {
        <Transform> {
          <Matrix4> {
            1.0 0.0 0.0 0.0 
            0.0 0.9947198629379272 -0.10262712091207504 0.0 
            0.0 0.10262712091207504 0.994719922542572 0.0 
            -0.5997409820556641 -0.2700130045413971 -0.05150246620178223 1.0 
          }
        }
      }
      <Joint> joint21 {
        <Transform> {
          <Matrix4> {
            1.0 0.0 0.0 0.0 
            0.0 0.994719922542572 -0.10262692719697952 0.0 
            0.0 0.10262692719697952 0.994719922542572 0.0 
            -0.6009340286254883 0.28309300541877747 -0.05150246620178223 1.0 
          }
        }
      }
      <Joint> joint40 {
        <Transform> {
          <Matrix4> {
            1.0 0.0 0.0 0.0 
            0.0 1.0 0.0 0.0 
            0.0 0.0 1.0 0.0 
            0.0 0.0035630613565444946 0.3256869316101074 1.0 
          }
        }
        <Joint> joint8 {
          <Transform> {
            <Matrix4> {
              1.0 0.0 0.0 0.0 
              0.0 1.0 0.0 0.0 
              0.0 0.0 1.0 0.0 
              0.0 -0.014108061790466309 0.5860669612884521 1.0 
            }
          }
        }
      }
    }
    <Joint> joint6 {
      <Transform> {
        <Matrix4> {
          2.4786517315078527e-05 -0.23214298486709595 -0.9726817011833191 0.0 
          -0.9999999403953552 -0.0001069009376806207 0.0 0.0 
          -0.00010398059384897351 0.9726817011833191 -0.23214298486709595 0.0 
          -0.433584988117218 -0.0871639996767044 2.4576399326324463 1.0 
        }
      }
      <VertexRef> {
        1 13 16 18
        <Scalar> membership { 1.000000 }  <Ref> { Untitled }
      }
      <Joint> joint2_3 {
        <Transform> {
          <Matrix4> {
            0.8492965698242188 -1.822542117224657e-12 0.5279159545898438 0.0 
            0.0 1.0 0.0 0.0 
            -0.5279159545898438 1.2579270958212874e-11 0.8492966294288635 0.0 
            0.9446760416030884 2.3386213797493838e-05 2.3304892238229513e-08 1.0 
          }
        }
        <Joint> joint29 {
          <Transform> {
            <Matrix4> {
              2.0105389921809547e-05 -0.9999999403953552 -1.4632936654379591e-05 0.0 
              0.2173081934452057 -9.879479875962716e-06 0.9761032462120056 0.0 
              -0.9761031866073608 -2.2837886717752554e-05 0.21730799973011017 0.0 
              -3.4928234526887536e-08 -0.15679004788398743 -0.0035693682730197906 1.0 
            }
          }
        }
        <Joint> joint31 {
          <Transform> {
            <Matrix4> {
              2.034753379120957e-05 -0.9999999403953552 -1.442431857867632e-05 0.0 
              0.4120229184627533 -4.7385742618644144e-06 0.9111734628677368 0.0 
              -0.9111735224723816 -2.4482606022502296e-05 0.4120229184627533 0.0 
              0.31500908732414246 -0.15003278851509094 0.14316503703594208 1.0 
            }
          }
        }
        <Joint> joint32 {
          <Transform> {
            <Matrix4> {
              2.0135194063186646e-05 -0.9999999403953552 -1.4483923223451711e-05 0.0 
              0.2173081785440445 -9.730468264024239e-06 0.9761032462120056 0.0 
              -0.9761030673980713 -2.285464870510623e-05 0.21730801463127136 0.0 
              -3.031163942068815e-08 0.14100298285484314 -0.003569358494132757 1.0 
            }
          }
        }
        <Joint> joint34 {
          <Transform> {
            <Matrix4> {
              2.0280478565837257e-05 -0.9999999403953552 -1.4573328371625394e-05 0.0 
              0.4120229184627533 -4.917388196190586e-06 0.9111734628677368 0.0 
              -0.9111735224723816 -2.44528037001146e-05 0.4120229184627533 0.0 
              0.31500911712646484 0.14776021242141724 0.14316505193710327 1.0 
            }
          }
        }
        <Joint> joint4_4 {
          <Transform> {
            <Matrix4> {
              0.2578791379928589 0.00010623063280945644 -0.966177225112915 0.0 
              -0.00010623062553349882 -0.9999998807907104 -0.00013830307580064982 0.0 
              -0.966177225112915 0.00013830307580064982 -0.2578790783882141 0.0 
              1.077250599861145 2.1709300199290738e-05 -6.035043043084443e-08 1.0 
            }
          }
          <Joint> joint38 {
            <Transform> {
              <Matrix4> {
                -8.698739111423492e-05 1.0000001192092896 -0.00015410780906677246 0.0 
                -0.8870489001274109 -0.0001482218794990331 -0.46167561411857605 0.0 
                -0.46167558431625366 9.658932685852051e-05 0.8870489001274109 0.0 
                0.0011278330348432064 0.17529508471488953 -0.0001911770086735487 1.0 
              }
            }
          }
          <Joint> joint39 {
            <Transform> {
              <Matrix4> {
                -8.700973558006808e-05 1.0000001192092896 -0.000154197245137766 0.0 
                -0.8870488405227661 -0.00014846028352621943 -0.4616755247116089 0.0 
                -0.4616755545139313 9.655952453613281e-05 0.8870489597320557 0.0 
                0.0011299727484583855 -0.16933193802833557 -0.00015272808377631009 1.0 
              }
            }
          }
        }
      }
      <Joint> joint30 {
        <Transform> {
          <Matrix4> {
            2.4870038032531738e-05 -1.0 -1.4305146578408312e-06 0.0 
            -0.13109317421913147 -4.6789550651737954e-06 0.9913699626922607 0.0 
            -0.9913700819015503 -2.4466775357723236e-05 -0.13109326362609863 0.0 
            0.6486192345619202 -0.14999835193157196 0.17045506834983826 1.0 
          }
        }
      }
      <Joint> joint33 {
        <Transform> {
          <Matrix4> {
            2.4754555852268822e-05 -1.0 -1.6093235899461433e-06 0.0 
            -0.13109317421913147 -4.857768999499967e-06 0.9913699626922607 0.0 
            -0.9913700819015503 -2.4342676624655724e-05 -0.13109323382377625 0.0 
            0.6486251354217529 0.14779573678970337 0.1704360544681549 1.0 
          }
        }
      }
    }
    <Group> joint33 {
      <Transform> {
        <Matrix4> {
          1.0 0.00010213482892140746 4.929383408125432e-07 0.0 
          -0.00010154493065783754 0.9947196841239929 -0.10262931138277054 0.0 
          -1.0972362360917032e-05 0.10262931138277054 0.9947196841239929 0.0 
          -0.5813824534416199 -0.0719735324382782 1.7871685028076172 1.0 
        }
      }
      
      <VertexPool> joint33 {
      
        <Vertex> 0 {-0.573125 -0.223898 1.662320
        <RGBA> { 1.000000 1.000000 1.000000 1.0 }
          <UV>  {
            0.507813 0.007812 
          }
        }
        <Vertex> 1 {-0.573154 0.052931 1.633760
        <RGBA> { 1.000000 1.000000 1.000000 1.0 }
          <UV>  {
            0.617188 0.007812 
          }
        }
        <Vertex> 2 {-0.573130 -0.195337 1.939150
        <RGBA> { 1.000000 1.000000 1.000000 1.0 }
          <UV>  {
            0.507813 0.117188 
          }
        }
        <Vertex> 3 {-0.573130 -0.195337 1.939150
        <RGBA> { 1.000000 1.000000 1.000000 1.0 }
          <UV>  {
            0.507813 0.117188 
          }
        }
        <Vertex> 4 {-0.573154 0.052931 1.633760
        <RGBA> { 1.000000 1.000000 1.000000 1.0 }
          <UV>  {
            0.617188 0.007812 
          }
        }
        <Vertex> 5 {-0.573159 0.081493 1.910590
        <RGBA> { 1.000000 1.000000 1.000000 1.0 }
          <UV>  {
            0.617188 0.117188 
          }
        }}
      
      
      <Polygon> {
        <TRef> { cogHQ_palette_4amla_1 }
        <MRef> { default.001 }
        <Normal> {1.000000 0.000105 0.000007}
        <VertexRef> { 0 1 2 <Ref> { joint33 }} 
      }
      <Polygon> {
        <TRef> { cogHQ_palette_4amla_1 }
        <MRef> { default.001 }
        <Normal> {1.000000 0.000105 0.000007}
        <VertexRef> { 3 4 5 <Ref> { joint33 }} 
      }
    }
    <Group> joint30 {
      <Transform> {
        <Matrix4> {
          1.0 0.00010213482892140746 4.929383408125432e-07 0.0 
          -0.00010154493065783754 0.9947196841239929 -0.10262931138277054 0.0 
          -1.0972362360917032e-05 0.10262931138277054 0.9947196841239929 0.0 
          -0.2835884392261505 -0.07192181795835495 1.7871699333190918 1.0 
        }
      }
      
      <VertexPool> joint30 {
      
        <Vertex> 0 {-0.285432 -0.223848 1.662320
        <RGBA> { 1.000000 1.000000 1.000000 1.0 }
          <UV>  {
            0.507813 0.007812 
          }
        }
        <Vertex> 1 {-0.285462 0.052982 1.633760
        <RGBA> { 1.000000 1.000000 1.000000 1.0 }
          <UV>  {
            0.617188 0.007812 
          }
        }
        <Vertex> 2 {-0.285437 -0.195287 1.939150
        <RGBA> { 1.000000 1.000000 1.000000 1.0 }
          <UV>  {
            0.507813 0.117188 
          }
        }
        <Vertex> 3 {-0.285437 -0.195287 1.939150
        <RGBA> { 1.000000 1.000000 1.000000 1.0 }
          <UV>  {
            0.507813 0.117188 
          }
        }
        <Vertex> 4 {-0.285462 0.052982 1.633760
        <RGBA> { 1.000000 1.000000 1.000000 1.0 }
          <UV>  {
            0.617188 0.007812 
          }
        }
        <Vertex> 5 {-0.285467 0.081543 1.910590
        <RGBA> { 1.000000 1.000000 1.000000 1.0 }
          <UV>  {
            0.617188 0.117188 
          }
        }}
      
      
      <Polygon> {
        <TRef> { cogHQ_palette_4amla_1 }
        <MRef> { default.001 }
        <Normal> {1.000000 0.000109 0.000007}
        <VertexRef> { 0 1 2 <Ref> { joint30 }} 
      }
      <Polygon> {
        <TRef> { cogHQ_palette_4amla_1 }
        <MRef> { default.001 }
        <Normal> {1.000000 0.000109 0.000007}
        <VertexRef> { 3 4 5 <Ref> { joint30 }} 
      }
    }
    <Group> joint39 {
      <Transform> {
        <Matrix4> {
          1.0 9.958360897144303e-05 -2.3366201276076026e-05 0.0 
          -9.665977995609865e-05 0.9947198033332825 0.10262718051671982 0.0 
          3.3462805731687695e-05 -0.10262718051671982 0.9947198033332825 0.0 
          -0.6029751896858215 0.03345971181988716 0.5160804986953735 1.0 
        }
      }
      
      <VertexPool> joint39 {
      
        <Vertex> 0 {-0.603811 -0.186101 0.246456
        <RGBA> { 1.000000 1.000000 1.000000 1.0 }
          <UV>  {
            0.507813 0.007812 
          }
        }
        <Vertex> 1 {-0.603811 0.302679 0.296884
        <RGBA> { 1.000000 1.000000 1.000000 1.0 }
          <UV>  {
            0.617188 0.007812 
          }
        }
        <Vertex> 2 {-0.603811 -0.236529 0.735235
        <RGBA> { 1.000000 1.000000 1.000000 1.0 }
          <UV>  {
            0.507813 0.117188 
          }
        }
        <Vertex> 3 {-0.603811 -0.236529 0.735235
        <RGBA> { 1.000000 1.000000 1.000000 1.0 }
          <UV>  {
            0.507813 0.117188 
          }
        }
        <Vertex> 4 {-0.603811 0.302679 0.296884
        <RGBA> { 1.000000 1.000000 1.000000 1.0 }
          <UV>  {
            0.617188 0.007812 
          }
        }
        <Vertex> 5 {-0.603811 0.252250 0.785664
        <RGBA> { 1.000000 1.000000 1.000000 1.0 }
          <UV>  {
            0.617188 0.117188 
          }
        }}
      
      
      <Polygon> {
        <TRef> { cogHQ_palette_4amla_1 }
        <MRef> { default.001 }
        <Normal> {1.000000 -0.000000 -0.000000}
        <VertexRef> { 0 1 2 <Ref> { joint39 }} 
      }
      <Polygon> {
        <TRef> { cogHQ_palette_4amla_1 }
        <MRef> { default.001 }
        <Normal> {1.000000 0.000000 0.000000}
        <VertexRef> { 3 4 5 <Ref> { joint39 }} 
      }
    }
    <Group> joint38 {
      <Transform> {
        <Matrix4> {
          1.0 9.958363807527348e-05 -2.336620855203364e-05 0.0 
          -9.66598090599291e-05 0.9947198033332825 0.10262718051671982 0.0 
          3.3462816645624116e-05 -0.10262718051671982 0.9947198033332825 0.0 
          -0.2583481967449188 0.03346264362335205 0.5160690546035767 1.0 
        }
      }
      
      <VertexPool> joint38 {
      
        <Vertex> 0 {-0.258172 -0.186101 0.246456
        <RGBA> { 1.000000 1.000000 1.000000 1.0 }
          <UV>  {
            0.507813 0.007812 
          }
        }
        <Vertex> 1 {-0.258172 0.302679 0.296884
        <RGBA> { 1.000000 1.000000 1.000000 1.0 }
          <UV>  {
            0.617188 0.007812 
          }
        }
        <Vertex> 2 {-0.258172 -0.236529 0.735235
        <RGBA> { 1.000000 1.000000 1.000000 1.0 }
          <UV>  {
            0.507813 0.117188 
          }
        }
        <Vertex> 3 {-0.258172 -0.236529 0.735235
        <RGBA> { 1.000000 1.000000 1.000000 1.0 }
          <UV>  {
            0.507813 0.117188 
          }
        }
        <Vertex> 4 {-0.258172 0.302679 0.296884
        <RGBA> { 1.000000 1.000000 1.000000 1.0 }
          <UV>  {
            0.617188 0.007812 
          }
        }
        <Vertex> 5 {-0.258172 0.252250 0.785664
        <RGBA> { 1.000000 1.000000 1.000000 1.0 }
          <UV>  {
            0.617188 0.117188 
          }
        }}
      
      
      <Polygon> {
        <TRef> { cogHQ_palette_4amla_1 }
        <MRef> { default.001 }
        <Normal> {1.000000 0.000000 -0.000000}
        <VertexRef> { 0 1 2 <Ref> { joint38 }} 
      }
      <Polygon> {
        <TRef> { cogHQ_palette_4amla_1 }
        <MRef> { default.001 }
        <Normal> {1.000000 0.000000 -0.000000}
        <VertexRef> { 3 4 5 <Ref> { joint38 }} 
      }
    }
    <Group> joint4_4 {
      <Transform> {
        <Matrix4> {
          -1.1284234460617881e-05 -0.8349809646606445 -0.5502787828445435 0.0 
          1.0 8.150419489538763e-06 -3.287366052973084e-05 0.0 
          3.1933890568325296e-05 -0.5502788424491882 0.8349810838699341 0.0 
          -0.43364325165748596 0.03430909663438797 0.5168395638465881 1.0 
        }
      }
      
      <VertexPool> joint4_4 {
      
        <Vertex> 0 {-0.366057 0.178928 0.406153
        <RGBA> { 1.000000 1.000000 1.000000 1.0 }
          <UV>  {
            0.495851 0.285942 
          }
        }
        <Vertex> 1 {-0.348618 0.031732 0.377737
        <RGBA> { 1.000000 1.000000 1.000000 1.0 }
          <UV>  {
            0.482862 0.285942 
          }
        }
        <Vertex> 2 {-0.379231 0.135545 0.405119
        <RGBA> { 1.000000 1.000000 1.000000 1.0 }
          <UV>  {
            0.489429 0.275098 
          }
        }
        <Vertex> 3 {-0.430466 0.425168 0.121343
        <RGBA> { 1.000000 1.000000 1.000000 1.0 }
          <UV>  {
            0.527502 0.151327 
          }
        }
        <Vertex> 4 {-0.430466 0.441152 0.053960
        <RGBA> { 1.000000 1.000000 1.000000 1.0 }
          <UV>  {
            0.527502 0.143072 
          }
        }
        <Vertex> 5 {-0.647905 0.367386 0.053960
        <RGBA> { 1.000000 1.000000 1.000000 1.0 }
          <UV>  {
            0.557579 0.143072 
          }
        }
        <Vertex> 6 {-0.635761 0.336253 0.131504
        <RGBA> { 1.000000 1.000000 1.000000 1.0 }
          <UV>  {
            0.557579 0.151327 
          }
        }
        <Vertex> 7 {-0.225171 0.336239 0.131504
        <RGBA> { 1.000000 1.000000 1.000000 1.0 }
          <UV>  {
            0.497424 0.151327 
          }
        }
        <Vertex> 8 {-0.213027 0.367386 0.053960
        <RGBA> { 1.000000 1.000000 1.000000 1.0 }
          <UV>  {
            0.497424 0.143072 
          }
        }
        <Vertex> 9 {-0.430466 0.441152 0.053960
        <RGBA> { 1.000000 1.000000 1.000000 1.0 }
          <UV>  {
            0.527502 0.143072 
          }
        }
        <Vertex> 10 {-0.430466 0.425168 0.121343
        <RGBA> { 1.000000 1.000000 1.000000 1.0 }
          <UV>  {
            0.527502 0.151327 
          }
        }
        <Vertex> 11 {-0.356860 0.011200 0.521823
        <RGBA> { 1.000000 1.000000 1.000000 1.0 }
          <UV>  {
            0.482862 0.304564 
          }
        }
        <Vertex> 12 {-0.365430 0.036481 0.640699
        <RGBA> { 1.000000 1.000000 1.000000 1.0 }
          <UV>  {
            0.482862 0.323186 
          }
        }
        <Vertex> 13 {-0.361313 -0.091647 0.632910
        <RGBA> { 1.000000 1.000000 1.000000 1.0 }
          <UV>  {
            0.469873 0.323186 
          }
        }
        <Vertex> 14 {-0.357969 -0.142296 0.510649
        <RGBA> { 1.000000 1.000000 1.000000 1.0 }
          <UV>  {
            0.469873 0.304564 
          }
        }
        <Vertex> 15 {-0.495502 0.036490 0.640699
        <RGBA> { 1.000000 1.000000 1.000000 1.0 }
          <UV>  {
            0.444581 0.344185 
          }
        }
        <Vertex> 16 {-0.499619 -0.091647 0.632910
        <RGBA> { 1.000000 1.000000 1.000000 1.0 }
          <UV>  {
            0.444581 0.323186 
          }
        }
        <Vertex> 17 {-0.430466 -0.095344 0.639102
        <RGBA> { 1.000000 1.000000 1.000000 1.0 }
          <UV>  {
            0.457227 0.323186 
          }
        }
        <Vertex> 18 {-0.430466 0.040092 0.657681
        <RGBA> { 1.000000 1.000000 1.000000 1.0 }
          <UV>  {
            0.457227 0.344185 
          }
        }
        <Vertex> 19 {-0.713478 -0.632086 0.118151
        <RGBA> { 1.000000 1.000000 1.000000 1.0 }
          <UV>  {
            0.615184 0.151327 
          }
        }
        <Vertex> 20 {-0.628042 -0.387832 0.222356
        <RGBA> { 1.000000 1.000000 1.000000 1.0 }
          <UV>  {
            0.596582 0.202871 
          }
        }
        <Vertex> 21 {-0.704763 -0.155820 0.128950
        <RGBA> { 1.000000 1.000000 1.000000 1.0 }
          <UV>  {
            0.586381 0.151327 
          }
        }
        <Vertex> 22 {-0.635761 0.336253 0.131504
        <RGBA> { 1.000000 1.000000 1.000000 1.0 }
          <UV>  {
            0.557579 0.151327 
          }
        }
        <Vertex> 23 {-0.599878 0.045354 0.239164
        <RGBA> { 1.000000 1.000000 1.000000 1.0 }
          <UV>  {
            0.567779 0.202871 
          }
        }
        <Vertex> 24 {-0.559918 0.260374 0.270445
        <RGBA> { 1.000000 1.000000 1.000000 1.0 }
          <UV>  {
            0.548280 0.202871 
          }
        }
        <Vertex> 25 {-0.430466 -0.164224 0.509053
        <RGBA> { 1.000000 1.000000 1.000000 1.0 }
          <UV>  {
            0.457227 0.304564 
          }
        }
        <Vertex> 26 {-0.430466 -0.247027 0.363314
        <RGBA> { 1.000000 1.000000 1.000000 1.0 }
          <UV>  {
            0.457227 0.285942 
          }
        }
        <Vertex> 27 {-0.339300 -0.177008 0.356148
        <RGBA> { 1.000000 1.000000 1.000000 1.0 }
          <UV>  {
            0.469873 0.285942 
          }
        }
        <Vertex> 28 {-0.357969 -0.142296 0.510649
        <RGBA> { 1.000000 1.000000 1.000000 1.0 }
          <UV>  {
            0.469873 0.304564 
          }
        }
        <Vertex> 29 {-0.348618 0.031732 0.377737
        <RGBA> { 1.000000 1.000000 1.000000 1.0 }
          <UV>  {
            0.479444 0.254416 
          }
        }
        <Vertex> 30 {-0.339300 -0.177008 0.356148
        <RGBA> { 1.000000 1.000000 1.000000 1.0 }
          <UV>  {
            0.460631 0.254416 
          }
        }
        <Vertex> 31 {-0.261054 0.045330 0.239164
        <RGBA> { 1.000000 1.000000 1.000000 1.0 }
          <UV>  {
            0.479028 0.202871 
          }
        }
        <Vertex> 32 {-0.134961 -0.148980 0.053960
        <RGBA> { 1.000000 1.000000 1.000000 1.0 }
          <UV>  {
            0.469636 0.143072 
          }
        }
        <Vertex> 33 {-0.171900 -0.149486 0.005458
        <RGBA> { 1.000000 1.000000 1.000000 1.0 }
          <UV>  {
            0.469636 0.134817 
          }
        }
        <Vertex> 34 {-0.220770 0.342771 0.007768
        <RGBA> { 1.000000 1.000000 1.000000 1.0 }
          <UV>  {
            0.497424 0.134817 
          }
        }
        <Vertex> 35 {-0.213027 0.367386 0.053960
        <RGBA> { 1.000000 1.000000 1.000000 1.0 }
          <UV>  {
            0.497424 0.143072 
          }
        }
        <Vertex> 36 {-0.261054 0.045330 0.239164
        <RGBA> { 1.000000 1.000000 1.000000 1.0 }
          <UV>  {
            0.479028 0.202871 
          }
        }
        <Vertex> 37 {-0.339300 -0.177008 0.356148
        <RGBA> { 1.000000 1.000000 1.000000 1.0 }
          <UV>  {
            0.460631 0.254416 
          }
        }
        <Vertex> 38 {-0.232890 -0.387832 0.222356
        <RGBA> { 1.000000 1.000000 1.000000 1.0 }
          <UV>  {
            0.451239 0.202871 
          }
        }
        <Vertex> 39 {-0.504074 0.011272 0.521823
        <RGBA> { 1.000000 1.000000 1.000000 1.0 }
          <UV>  {
            0.431151 0.304564 
          }
        }
        <Vertex> 40 {-0.486782 0.164822 0.532996
        <RGBA> { 1.000000 1.000000 1.000000 1.0 }
          <UV>  {
            0.417721 0.304564 
          }
        }
        <Vertex> 41 {-0.497390 0.177202 0.404815
        <RGBA> { 1.000000 1.000000 1.000000 1.0 }
          <UV>  {
            0.417721 0.285942 
          }
        }
        <Vertex> 42 {-0.520108 0.031193 0.371893
        <RGBA> { 1.000000 1.000000 1.000000 1.0 }
          <UV>  {
            0.431151 0.285942 
          }
        }
        <Vertex> 43 {-0.485111 0.162225 0.637166
        <RGBA> { 1.000000 1.000000 1.000000 1.0 }
          <UV>  {
            0.444581 0.365184 
          }
        }
        <Vertex> 44 {-0.495502 0.036490 0.640699
        <RGBA> { 1.000000 1.000000 1.000000 1.0 }
          <UV>  {
            0.444581 0.344185 
          }
        }
        <Vertex> 45 {-0.430466 0.040092 0.657681
        <RGBA> { 1.000000 1.000000 1.000000 1.0 }
          <UV>  {
            0.457227 0.344185 
          }
        }
        <Vertex> 46 {-0.430466 0.168315 0.642295
        <RGBA> { 1.000000 1.000000 1.000000 1.0 }
          <UV>  {
            0.457227 0.365184 
          }
        }
        <Vertex> 47 {-0.725971 -0.148980 0.053960
        <RGBA> { 1.000000 1.000000 1.000000 1.0 }
          <UV>  {
            0.586381 0.143072 
          }
        }
        <Vertex> 48 {-0.647905 0.367386 0.053960
        <RGBA> { 1.000000 1.000000 1.000000 1.0 }
          <UV>  {
            0.557579 0.143072 
          }
        }
        <Vertex> 49 {-0.640162 0.342771 0.007768
        <RGBA> { 1.000000 1.000000 1.000000 1.0 }
          <UV>  {
            0.557579 0.134817 
          }
        }
        <Vertex> 50 {-0.689032 -0.149486 0.005458
        <RGBA> { 1.000000 1.000000 1.000000 1.0 }
          <UV>  {
            0.586381 0.134817 
          }
        }
        <Vertex> 51 {-0.301016 0.260258 0.270445
        <RGBA> { 1.000000 1.000000 1.000000 1.0 }
          <UV>  {
            0.497840 0.202871 
          }
        }
        <Vertex> 52 {-0.261054 0.045330 0.239164
        <RGBA> { 1.000000 1.000000 1.000000 1.0 }
          <UV>  {
            0.479028 0.202871 
          }
        }
        <Vertex> 53 {-0.225171 0.336239 0.131504
        <RGBA> { 1.000000 1.000000 1.000000 1.0 }
          <UV>  {
            0.497424 0.151327 
          }
        }
        <Vertex> 54 {-0.430467 0.313908 0.260447
        <RGBA> { 1.000000 1.000000 1.000000 1.0 }
          <UV>  {
            0.523060 0.202871 
          }
        }
        <Vertex> 55 {-0.430466 0.425168 0.121343
        <RGBA> { 1.000000 1.000000 1.000000 1.0 }
          <UV>  {
            0.527502 0.151327 
          }
        }
        <Vertex> 56 {-0.635761 0.336253 0.131504
        <RGBA> { 1.000000 1.000000 1.000000 1.0 }
          <UV>  {
            0.557579 0.151327 
          }
        }
        <Vertex> 57 {-0.559918 0.260374 0.270445
        <RGBA> { 1.000000 1.000000 1.000000 1.0 }
          <UV>  {
            0.548280 0.202871 
          }
        }
        <Vertex> 58 {-0.430466 0.168315 0.642295
        <RGBA> { 1.000000 1.000000 1.000000 1.0 }
          <UV>  {
            0.457227 0.365184 
          }
        }
        <Vertex> 59 {-0.430466 0.040092 0.657681
        <RGBA> { 1.000000 1.000000 1.000000 1.0 }
          <UV>  {
            0.457227 0.344185 
          }
        }
        <Vertex> 60 {-0.365430 0.036481 0.640699
        <RGBA> { 1.000000 1.000000 1.000000 1.0 }
          <UV>  {
            0.469873 0.344185 
          }
        }
        <Vertex> 61 {-0.375820 0.162201 0.637166
        <RGBA> { 1.000000 1.000000 1.000000 1.0 }
          <UV>  {
            0.469873 0.365184 
          }
        }
        <Vertex> 62 {-0.430466 -0.149559 -0.001471
        <RGBA> { 1.000000 1.000000 1.000000 1.0 }
          <UV>  {
            0.559380 0.314342 
          }
        }
        <Vertex> 63 {-0.430466 0.367393 0.005458
        <RGBA> { 1.000000 1.000000 1.000000 1.0 }
          <UV>  {
            0.587168 0.314343 
          }
        }
        <Vertex> 64 {-0.220770 0.342771 0.007768
        <RGBA> { 1.000000 1.000000 1.000000 1.0 }
          <UV>  {
            0.587168 0.352339 
          }
        }
        <Vertex> 65 {-0.171900 -0.149486 0.005458
        <RGBA> { 1.000000 1.000000 1.000000 1.0 }
          <UV>  {
            0.559380 0.352339 
          }
        }
        <Vertex> 66 {-0.156169 -0.155820 0.128950
        <RGBA> { 1.000000 1.000000 1.000000 1.0 }
          <UV>  {
            0.469636 0.151327 
          }
        }
        <Vertex> 67 {-0.232890 -0.387832 0.222356
        <RGBA> { 1.000000 1.000000 1.000000 1.0 }
          <UV>  {
            0.451239 0.202871 
          }
        }
        <Vertex> 68 {-0.147454 -0.632086 0.118151
        <RGBA> { 1.000000 1.000000 1.000000 1.0 }
          <UV>  {
            0.441848 0.151327 
          }
        }
        <Vertex> 69 {-0.430467 0.186695 0.534592
        <RGBA> { 1.000000 1.000000 1.000000 1.0 }
          <UV>  {
            0.509053 0.304564 
          }
        }
        <Vertex> 70 {-0.430468 0.202652 0.408008
        <RGBA> { 1.000000 1.000000 1.000000 1.0 }
          <UV>  {
            0.509053 0.285942 
          }
        }
        <Vertex> 71 {-0.497390 0.177202 0.404815
        <RGBA> { 1.000000 1.000000 1.000000 1.0 }
          <UV>  {
            0.522255 0.285942 
          }
        }
        <Vertex> 72 {-0.486782 0.164822 0.532996
        <RGBA> { 1.000000 1.000000 1.000000 1.0 }
          <UV>  {
            0.522255 0.304564 
          }
        }
        <Vertex> 73 {-0.301016 0.260258 0.270445
        <RGBA> { 1.000000 1.000000 1.000000 1.0 }
          <UV>  {
            0.497840 0.202871 
          }
        }
        <Vertex> 74 {-0.348618 0.031732 0.377737
        <RGBA> { 1.000000 1.000000 1.000000 1.0 }
          <UV>  {
            0.479444 0.254416 
          }
        }
        <Vertex> 75 {-0.261054 0.045330 0.239164
        <RGBA> { 1.000000 1.000000 1.000000 1.0 }
          <UV>  {
            0.479028 0.202871 
          }
        }
        <Vertex> 76 {-0.430466 -0.479930 0.234907
        <RGBA> { 1.000000 1.000000 1.000000 1.0 }
          <UV>  {
            0.427329 0.202871 
          }
        }
        <Vertex> 77 {-0.628042 -0.387832 0.222356
        <RGBA> { 1.000000 1.000000 1.000000 1.0 }
          <UV>  {
            0.403419 0.202871 
          }
        }
        <Vertex> 78 {-0.713478 -0.632086 0.118151
        <RGBA> { 1.000000 1.000000 1.000000 1.0 }
          <UV>  {
            0.384817 0.151327 
          }
        }
        <Vertex> 79 {-0.430466 -0.705767 0.118151
        <RGBA> { 1.000000 1.000000 1.000000 1.0 }
          <UV>  {
            0.413332 0.151327 
          }
        }
        <Vertex> 80 {-0.213027 0.367386 0.053960
        <RGBA> { 1.000000 1.000000 1.000000 1.0 }
          <UV>  {
            0.497424 0.143072 
          }
        }
        <Vertex> 81 {-0.220770 0.342771 0.007768
        <RGBA> { 1.000000 1.000000 1.000000 1.0 }
          <UV>  {
            0.497424 0.134817 
          }
        }
        <Vertex> 82 {-0.430466 0.367393 0.005458
        <RGBA> { 1.000000 1.000000 1.000000 1.0 }
          <UV>  {
            0.527502 0.134817 
          }
        }
        <Vertex> 83 {-0.430466 0.441152 0.053960
        <RGBA> { 1.000000 1.000000 1.000000 1.0 }
          <UV>  {
            0.527502 0.143072 
          }
        }
        <Vertex> 84 {-0.430466 -0.739112 0.053960
        <RGBA> { 1.000000 1.000000 1.000000 1.0 }
          <UV>  {
            0.413332 0.143072 
          }
        }
        <Vertex> 85 {-0.430466 -0.666365 0.005458
        <RGBA> { 1.000000 1.000000 1.000000 1.0 }
          <UV>  {
            0.413332 0.134817 
          }
        }
        <Vertex> 86 {-0.147655 -0.641695 0.007768
        <RGBA> { 1.000000 1.000000 1.000000 1.0 }
          <UV>  {
            0.441848 0.134817 
          }
        }
        <Vertex> 87 {-0.130772 -0.665345 0.053960
        <RGBA> { 1.000000 1.000000 1.000000 1.0 }
          <UV>  {
            0.441848 0.143072 
          }
        }
        <Vertex> 88 {-0.430466 -0.705767 0.118151
        <RGBA> { 1.000000 1.000000 1.000000 1.0 }
          <UV>  {
            0.413332 0.151327 
          }
        }
        <Vertex> 89 {-0.430466 -0.739112 0.053960
        <RGBA> { 1.000000 1.000000 1.000000 1.0 }
          <UV>  {
            0.413332 0.143072 
          }
        }
        <Vertex> 90 {-0.130772 -0.665345 0.053960
        <RGBA> { 1.000000 1.000000 1.000000 1.0 }
          <UV>  {
            0.441848 0.143072 
          }
        }
        <Vertex> 91 {-0.147454 -0.632086 0.118151
        <RGBA> { 1.000000 1.000000 1.000000 1.0 }
          <UV>  {
            0.441848 0.151327 
          }
        }
        <Vertex> 92 {-0.366057 0.178928 0.406153
        <RGBA> { 1.000000 1.000000 1.000000 1.0 }
          <UV>  {
            0.498256 0.254416 
          }
        }
        <Vertex> 93 {-0.348618 0.031732 0.377737
